Best Trial Results:
Test F1 Score: 0.62394
Improvement over Benchmark: 24.04%

Best Parameters:
neg_ratio: 5.708102565817531
n_estimators: 454
learning_rate: 0.08166862898581798
max_depth: 6
num_leaves: 45
subsample: 0.678722510329489
subsample_freq: 1
min_data_in_leaf: 142
lambda_l1: 0.0007453872201119763
lambda_l2: 0.7033649840925251
scale_pos_weight: 0.8932325977615998
feature_fraction: 0.8776121400670794
bagging_fraction: 0.7729404481556732
bagging_freq: 4
min_child_samples: 87
